2477
3169
937
11
977
353
1229
443
1171
2111
23
3655
2957
4505
119
3257
3
7
3613
101
1447
1231
85
809
3109
827
2003
61
89
269
765
1003
1513
1887
3009
578
91
833
3133
2363
425
51
953
2099
1777
5
3191
52
4012
1300
3179
3107
2067
2834
2546
1859
38
39
143
2379
676
131
3701
1697
2353
871
780
2587
2743
338
26
3055
611
2704
950
97
2002
91
3445
653
1217
2791
1109
307
3181
191
4313
2071
455
1549
2663
1039
2444
1118
832
3209
2389
2171
559
1423
521
83
510
901
3432
1209
897
2822
3237
2
269
2912
41
612
1207
4216
799
34
187
391
2437
29
65
910
1249
1747
67
3163
433
953
4080
68
1054
3607
859
3363
935
3445
251
