
100 100 100 100 100 100 100 100 100 100 100 100 100 100 100 100 100 100 100 100
093 095 098 101 103 105 107 109 110 111 111 110 109 107 105 103 101 098 095 093
086 091 096 102 107 111 116 119 122 123 123 122 119 116 111 107 102 096 091 086
079 087 095 103 111 118 125 130 134 136 136 134 130 125 118 111 103 095 087 079
072 083 094 104 115 125 135 143 148 151 151 148 143 135 125 115 104 094 083 072
066 079 092 106 119 133 147 159 165 168 168 165 159 147 133 119 106 092 079 066
059 074 090 107 124 142 161 179 186 189 189 186 179 161 142 124 107 090 074 059
052 070 088 107 127 149 176 212 212 212 212 212 212 176 149 127 107 088 070 052
045 065 086 106 129 153 180 212 000 000 000 000 212 180 153 129 106 086 065 045
038 060 082 104 128 153 181 212 000 000 000 000 212 181 153 128 104 082 060 038
032 056 079 101 125 151 180 212 000 000 000 000 212 180 151 125 101 079 056 032
032 053 075 097 120 146 176 212 000 000 000 000 212 176 146 120 097 075 053 032
032 051 071 091 113 137 167 212 212 212 212 212 212 167 137 113 091 071 051 032
032 049 066 084 102 123 145 167 175 178 178 175 167 145 123 102 084 066 049 032
032 046 060 075 091 106 122 136 144 147 147 144 136 122 106 091 075 060 046 032
032 043 055 067 078 090 101 111 117 120 120 117 111 101 090 078 067 055 043 032
032 040 049 058 066 075 082 089 093 095 095 093 089 082 075 066 058 049 040 032
032 037 043 049 054 060 065 069 071 073 073 071 069 065 060 054 049 043 037 032
032 034 037 040 043 046 048 050 051 052 052 051 050 048 046 043 040 037 034 032
032 032 032 032 032 032 032 032 032 032 032 032 032 032 032 032 032 032 032 032
