2
3
5
7
11
23
26
29
34
38
39
41
51
52
61
65
67
68
83
85
89
91
91
97
101
119
131
143
187
191
251
269
269
307
338
353
391
425
433
443
455
510
521
559
578
611
612
653
676
765
780
799
809
827
832
833
859
871
897
901
910
935
937
950
953
953
977
1003
1039
1054
1109
1118
1171
1207
1209
1217
1229
1231
1249
1300
1423
1447
1513
1549
1697
1747
1777
1859
1887
2002
2003
2067
2071
2099
2111
2171
2353
2363
2379
2389
2437
2444
2477
2546
2587
2663
2704
2743
2791
2822
2834
2912
2957
3009
3055
3107
3109
3133
3163
3169
3179
3181
3191
3209
3237
3257
3363
3432
3445
3445
3607
3613
3655
3701
4012
4080
4216
4313
4505
